[soe][Equalizer#0]
inputGain=-6.58
numBands=10

[soe][Equalizer#0#left]
band0Frequency=105
band0Gain=-4
band0Mode=6
band0Q=0.6666666865348816
band0Type=5
band10Type=0
band11Type=0
band12Type=0
band13Type=0
band14Type=0
band15Type=0
band16Type=0
band17Type=0
band18Type=0
band19Type=0
band1Frequency=62
band1Gain=1.899999976158142
band1Mode=6
band1Q=1.1200000047683716
band20Type=0
band21Type=0
band22Type=0
band23Type=0
band24Type=0
band25Type=0
band26Type=0
band27Type=0
band28Type=0
band29Type=0
band2Frequency=164.10000610351562
band2Gain=-2.700000047683716
band2Mode=6
band2Q=1
band30Type=0
band31Type=0
band3Frequency=314.1000061035156
band3Gain=-0.6000000238418579
band3Mode=6
band3Q=1.6299999952316284
band4Frequency=594.5
band4Gain=0.30000001192092896
band4Mode=6
band4Q=1.1100000143051147
band5Frequency=839.2000122070312
band5Gain=1.2000000476837158
band5Mode=6
band5Q=1.3200000524520874
band6Frequency=1667.699951171875
band6Gain=-1.5
band6Mode=6
band6Q=1.5299999713897705
band7Frequency=4129.89990234375
band7Gain=-1.899999976158142
band7Mode=6
band7Q=3.5999999046325684
band8Frequency=6122.7001953125
band8Gain=6.900000095367432
band8Mode=6
band8Q=1.6399999856948853
band9Frequency=10000
band9Gain=-3.0999999046325684
band9Mode=6
band9Q=0.6666666865348816
band9Type=3

[soe][Equalizer#0#right]
band0Frequency=105
band0Gain=-4
band0Mode=6
band0Q=0.6666666865348816
band0Type=5
band10Type=0
band11Type=0
band12Type=0
band13Type=0
band14Type=0
band15Type=0
band16Type=0
band17Type=0
band18Type=0
band19Type=0
band1Frequency=62
band1Gain=1.899999976158142
band1Mode=6
band1Q=1.1200000047683716
band20Type=0
band21Type=0
band22Type=0
band23Type=0
band24Type=0
band25Type=0
band26Type=0
band27Type=0
band28Type=0
band29Type=0
band2Frequency=164.10000610351562
band2Gain=-2.700000047683716
band2Mode=6
band2Q=1
band30Type=0
band31Type=0
band3Frequency=314.1000061035156
band3Gain=-0.6000000238418579
band3Mode=6
band3Q=1.6299999952316284
band4Frequency=594.5
band4Gain=0.30000001192092896
band4Mode=6
band4Q=1.1100000143051147
band5Frequency=839.2000122070312
band5Gain=1.2000000476837158
band5Mode=6
band5Q=1.3200000524520874
band6Frequency=1667.699951171875
band6Gain=-1.5
band6Mode=6
band6Q=1.5299999713897705
band7Frequency=4129.89990234375
band7Gain=-1.899999976158142
band7Mode=6
band7Q=3.5999999046325684
band8Frequency=6122.7001953125
band8Gain=6.900000095367432
band8Mode=6
band8Q=1.6399999856948853
band9Frequency=10000
band9Gain=-3.0999999046325684
band9Mode=6
band9Q=0.6666666865348816
band9Type=3
